</s> 50700
642 15355
3063 14615
3278 14028
615 13784
3383 12193
3473 10375
4021 9823
1228 9433
18 9285
797 9147
960 9083
134 8626
130 8595
1221 8590
1570 8542
4192 8420
906 8062
1350 8058
3979 7902
734 7870
1636 7864
1567 7835
4712 7702
3311 7598
713 7577
1689 7510
723 7459
1613 7421
1101 7319
1442 7293
1653 7222
203 7218
1463 6922
141 6826
1354 6814
174 6723
821 6720
1129 6580
1160 6518
2174 6494
240 6457
3302 6409
4206 6400
1373 6365
2372 6276
1047 6261
1761 6260
4314 6210
1643 6176
1071 6109
932 6105
2144 6069
2394 5992
2935 5956
866 5947
3628 5910
1339 5850
872 5799
305 5755
1009 5740
1167 5694
502 5665
206 5656
3521 5602
1800 5577
297 5532
3741 5419
1319 5384
1327 5365
2332 5357
728 5352
1004 5299
741 5279
1050 5275
1470 5255
2040 5254
987 5232
3253 5224
3201 5220
677 5187
1088 5162
540 5138
2858 5074
3865 5009
1790 4933
294 4877
3281 4801
226 4779
3425 4746
5083 4745
2015 4727
992 4718
3584 4695
2872 4668
4764 4607
114 4596
149 4572
1062 4544
1960 4531
59 4528
139 4500
606 4492
1121 4467
4780 4461
3003 4449
1274 4401
2609 4373
4214 4349
824 4343
3975 4343
4284 4300
4342 4293
2511 4292
4528 4266
1271 4251
4434 4244
1075 4240
1264 4233
3751 4223
2381 4216
1352 4210
1906 4205
1747 4201
1389 4197
3136 4185
2288 4181
1212 4177
689 4144
3161 4128
271 4118
197 4103
1682 4066
2067 4066
4645 4043
4713 4034
763 4019
19 4007
4071 4006
2700 3930
1147 3926
2753 3904
2105 3896
2070 3890
768 3861
3197 3854
4706 3833
1625 3805
2371 3798
623 3793
4317 3774
1295 3773
416 3755
2238 3749
3675 3738
1452 3726
4696 3712
802 3698
3847 3676
1861 3675
4831 3673
3952 3648
95 3646
108 3634
191 3599
3660 3596
235 3585
4441 3583
2635 3580
3668 3545
936 3541
2120 3529
1005 3527
777 3516
1383 3489
2061 3484
164 3477
3970 3470
590 3419
1647 3415
3778 3414
2309 3408
2800 3403
1263 3402
1277 3400
1391 3397
1171 3354
4275 3333
3821 3327
2834 3323
2452 3293
3537 3289
836 3285
1986 3282
1431 3281
1246 3276
2649 3274
2354 3262
1896 3256
2349 3233
3508 3227
2985 3214
3941 3190
277 3187
1985 3172
4564 3155
3756 3138
1369 3127
748 3121
391 3117
455 3115
1888 3097
1940 3096
3403 3069
4694 3068
4086 3059
1572 3055
2384 3054
4180 3052
755 3040
2709 3040
2907 3036
1751 3025
1241 3021
4428 3018
1785 3012
1474 2996
4300 2983
621 2980
2596 2977
912 2957
4414 2957
1875 2955
274 2952
4129 2937
822 2928
4343 2920
1143 2918
3247 2915
4499 2908
976 2905
4148 2904
2671 2902
4404 2893
2177 2893
25 2880
2683 2876
3344 2875
520 2872
2761 2847
2146 2843
1805 2839
1377 2836
1915 2835
2990 2833
283 2813
296 2758
3669 2753
47 2750
3954 2748
4154 2739
172 2736
2355 2735
1073 2730
4770 2730
918 2728
3238 2727
4651 2719
140 2715
4002 2712
4861 2710
2046 2708
1097 2702
331 2701
4108 2697
2194 2690
1607 2689
1491 2688
351 2687
4369 2686
1321 2680
3081 2680
2281 2679
2111 2675
4017 2669
946 2666
2693 2633
837 2621
4295 2608
1783 2599
2396 2578
3126 2577
1141 2572
1749 2571
1260 2571
4277 2570
3044 2560
1187 2558
2790 2557
1429 2556
622 2555
232 2554
4525 2553
1103 2551
4490 2544
2030 2544
3517 2540
1302 2536
3693 2531
92 2524
1200 2511
3837 2505
4924 2504
3943 2501
76 2499
3840 2487
2995 2484
248 2478
3564 2475
729 2474
407 2472
742 2458
1186 2457
4371 2457
452 2456
3985 2450
1722 2434
1902 2415
1776 2410
2863 2409
862 2409
4473 2409
2393 2407
4491 2397
873 2395
2901 2394
3684 2393
1995 2391
1015 2386
2817 2376
1648 2372
1162 2371
1248 2369
2055 2368
94 2362
1486 2358
2347 2357
896 2346
1593 2344
536 2344
816 2342
4437 2342
3676 2342
1446 2335
23 2328
3694 2319
135 2315
1740 2314
2017 2312
4800 2311
4874 2311
2659 2304
500 2301
4089 2301
2673 2300
3488 2299
1214 2298
3513 2295
2580 2295
4469 2288
478 2286
4310 2276
2756 2265
434 2261
1013 2253
332 2249
1397 2249
3910 2247
3814 2246
4078 2246
799 2243
576 2233
4104 2233
4923 2219
1254 2217
2883 2207
2348 2205
3888 2199
4332 2190
1685 2188
4244 2179
120 2177
1718 2174
3688 2171
1640 2170
1027 2170
1317 2169
3318 2169
381 2162
749 2155
627 2153
2364 2153
3480 2153
173 2151
4336 2150
2099 2148
725 2144
4548 2143
1920 2140
144 2140
1522 2139
5067 2134
67 2130
1430 2128
1952 2128
804 2128
2605 2125
4388 2121
1058 2121
14 2114
2256 2107
3621 2107
4519 2104
1168 2103
116 2103
4072 2091
8 2090
1053 2090
840 2090
1113 2087
3899 2081
1033 2077
2257 2075
3229 2073
4090 2071
3937 2059
1117 2059
4763 2059
4240 2056
2757 2054
3179 2054
2377 2048
1030 2046
329 2044
1378 2044
1335 2043
2809 2042
1203 2040
798 2039
4989 2035
868 2034
1794 2028
2531 2025
941 2019
2780 2008
1534 2003
4716 1998
2793 1997
877 1995
2477 1992
3735 1984
2519 1974
2485 1970
3714 1969
4786 1968
2579 1965
4125 1964
1974 1957
1564 1954
1177 1952
3165 1949
3186 1949
1746 1944
1174 1943
3486 1943
644 1942
982 1941
1281 1941
81 1937
265 1930
1868 1924
533 1920
1971 1917
4432 1912
3724 1910
3976 1907
1603 1907
256 1902
2283 1896
1242 1889
443 1888
1842 1883
348 1877
3754 1876
1472 1874
2075 1874
1874 1874
874 1873
497 1872
598 1870
111 1869
1449 1867
630 1867
4402 1866
138 1860
3083 1857
3088 1855
1108 1854
745 1854
1040 1848
496 1844
2505 1844
895 1841
1273 1838
4681 1833
944 1833
2782 1830
1877 1830
4819 1830
4234 1825
1549 1824
774 1821
1482 1821
731 1820
3012 1820
4248 1818
1410 1809
3395 1803
3580 1801
2016 1798
5098 1795
1003 1793
1042 1792
1090 1792
611 1790
3767 1787
4381 1785
44 1782
1659 1779
5019 1779
1424 1774
97 1772
3369 1766
4470 1766
262 1766
2012 1763
1710 1763
3340 1760
4452 1759
684 1758
3646 1758
919 1757
2443 1757
2411 1753
4273 1750
2807 1750
3776 1750
4150 1746
1016 1745
1478 1740
2087 1739
2306 1738
4413 1736
4766 1733
4331 1724
3653 1722
4692 1720
4025 1720
3796 1712
52 1712
308 1710
4769 1710
3445 1709
4079 1703
2578 1703
4249 1700
4523 1700
1380 1697
1247 1696
2824 1695
515 1692
1332 1691
358 1687
4899 1687
2590 1681
751 1680
2692 1671
882 1669
437 1669
2771 1669
2499 1667
2197 1665
4333 1662
442 1661
2299 1661
2521 1661
2043 1658
2862 1657
1337 1654
1288 1651
964 1651
2116 1650
4580 1647
1210 1644
1817 1643
3106 1642
17 1640
339 1640
1553 1638
4153 1637
3878 1637
224 1636
3000 1631
977 1630
4269 1626
1594 1625
1096 1625
1427 1623
834 1621
5 1621
4920 1618
4808 1618
2096 1617
338 1617
762 1616
260 1615
1445 1613
4459 1610
934 1604
1764 1602
993 1601
229 1598
1898 1598
312 1597
1304 1595
4309 1594
1364 1594
1577 1593
451 1593
415 1592
1523 1589
4521 1588
1201 1587
4242 1587
803 1584
1100 1584
848 1582
3895 1580
5017 1579
1499 1571
2896 1569
2159 1568
1833 1568
1744 1567
2292 1567
145 1566
3863 1563
267 1558
754 1558
4767 1555
4882 1555
1209 1553
1394 1551
1818 1551
523 1549
1942 1549
3876 1548
1084 1545
2532 1542
4261 1542
845 1540
560 1538
4832 1538
3033 1534
3011 1534
772 1532
547 1531
3321 1531
514 1528
2622 1528
4144 1527
1023 1522
1700 1520
790 1519
1227 1519
1635 1518
3687 1516
1655 1515
2759 1511
3131 1510
3793 1505
3328 1505
2439 1504
1473 1502
4305 1502
1123 1502
1519 1500
2701 1500
74 1498
1363 1498
3691 1496
360 1493
3416 1493
538 1493
2398 1491
3214 1489
991 1486
1757 1486
1165 1486
945 1483
4172 1483
3450 1482
1085 1482
1988 1482
2092 1479
715 1479
3433 1478
4046 1476
1480 1475
454 1475
1244 1473
1779 1469
3936 1469
1414 1469
2496 1469
3790 1468
258 1465
550 1465
3826 1463
900 1459
1418 1458
377 1458
176 1456
4422 1453
4105 1453
1010 1452
4344 1452
1715 1450
505 1450
519 1448
4351 1442
3008 1442
2988 1442
4742 1441
693 1440
3950 1440
856 1439
1662 1439
4511 1439
788 1437
3920 1435
4761 1433
3121 1433
1869 1432
3427 1430
1641 1429
3100 1428
2825 1428
3451 1427
20 1426
334 1426
605 1420
2432 1418
1673 1417
4302 1417
2191 1416
978 1414
3114 1414
4204 1414
98 1413
3658 1412
899 1410
930 1407
2964 1405
4114 1404
3850 1400
703 1397
3264 1397
445 1393
3495 1391
3657 1388
854 1386
1351 1386
1018 1385
4662 1383
3342 1382
3294 1381
2557 1377
2691 1376
1106 1375
207 1374
4238 1373
3785 1371
2155 1371
4101 1370
1481 1369
4123 1368
1841 1365
894 1365
1399 1364
2251 1363
1081 1359
4477 1359
4185 1357
1298 1357
4307 1357
963 1356
1852 1354
4848 1354
1724 1353
101 1353
286 1353
4268 1353
448 1352
765 1351
1158 1350
1082 1350
3242 1350
276 1350
4746 1350
775 1348
2874 1347
4768 1347
2109 1345
1524 1343
4245 1342
2113 1341
4647 1339
3164 1338
2110 1337
618 1337
4186 1336
42 1336
2071 1333
591 1332
2004 1332
827 1331
4176 1331
4921 1329
1609 1328
2079 1326
648 1325
2465 1325
422 1324
4364 1322
997 1321
4325 1321
4168 1320
2778 1315
2551 1314
1674 1313
2020 1310
1629 1309
3589 1308
787 1306
393 1306
2446 1304
3200 1303
1873 1303
1437 1301
399 1298
4440 1297
1170 1295
1621 1295
4232 1295
4405 1293
3023 1292
2826 1291
3884 1291
2387 1290
3592 1289
371 1288
212 1283
1686 1283
1535 1283
2416 1283
2574 1282
4120 1280
594 1279
4703 1279
4663 1277
2217 1277
4738 1277
2239 1274
378 1274
760 1272
1934 1271
2554 1271
3385 1270
1105 1269
4070 1269
6 1266
3297 1264
1330 1264
435 1263
1322 1262
2448 1262
898 1260
147 1259
3958 1258
4822 1258
637 1257
1261 1256
947 1253
1883 1250
3077 1250
820 1249
1134 1245
2838 1245
2961 1245
4565 1243
1370 1243
225 1242
426 1242
1890 1241
86 1241
2260 1239
1132 1239
4993 1239
3175 1238
3505 1238
1310 1237
2794 1236
1870 1235
5055 1234
3532 1234
2294 1232
404 1231
3922 1228
1845 1226
2594 1225
5107 1224
858 1223
4298 1222
3045 1221
3765 1221
4138 1215
1678 1214
1255 1214
3021 1213
4974 1213
3565 1209
955 1209
5105 1208
2121 1207
783 1207
572 1206
4177 1206
3448 1206
3409 1204
80 1203
2200 1203
1063 1202
1415 1202
4417 1201
1219 1200
4610 1200
22 1198
4982 1198
2366 1198
3673 1196
4474 1196
832 1195
716 1193
2059 1193
2737 1193
2992 1193
2267 1191
1374 1190
4430 1190
2953 1190
3434 1189
3239 1187
1301 1185
920 1184
534 1184
2278 1182
1703 1181
1732 1179
1395 1179
156 1179
727 1178
2418 1178
428 1176
2912 1174
58 1173
107 1172
2275 1172
686 1171
3644 1171
1581 1170
1423 1169
2321 1169
563 1167
2010 1167
3931 1167
2518 1166
123 1166
4241 1165
330 1163
3784 1162
1396 1161
4537 1160
1681 1158
3499 1157
3237 1157
4276 1156
4026 1155
4805 1155
3367 1154
1453 1152
1824 1151
1910 1151
4926 1150
290 1149
4157 1146
254 1145
1279 1144
3781 1143
4762 1141
4603 1141
304 1140
674 1138
1392 1138
2164 1137
1788 1136
2814 1135
2920 1133
1224 1131
3067 1130
3327 1130
2719 1130
985 1129
4040 1128
3024 1127
1149 1127
2062 1127
1753 1125
2868 1125
4228 1125
2466 1123
4605 1122
4258 1121
4450 1120
2451 1120
1109 1119
3220 1119
2346 1118
2566 1118
4390 1118
4207 1117
3543 1116
1654 1115
4609 1115
4561 1115
2090 1114
2999 1113
1407 1112
3423 1112
3713 1111
2829 1111
1196 1108
1458 1107
1360 1106
1696 1105
4030 1104
4362 1102
4262 1102
660 1100
3446 1099
3882 1099
3289 1098
3962 1093
2672 1093
2492 1091
1520 1089
1041 1088
588 1087
813 1085
1711 1084
3028 1084
1190 1083
13 1081
2089 1080
4842 1080
2338 1079
314 1078
771 1077
1533 1077
1498 1075
2820 1075
3291 1073
3125 1071
1532 1071
4198 1071
1754 1070
370 1070
3246 1069
4465 1069
3304 1068
1767 1068
2586 1067
885 1067
3204 1066
1822 1065
3115 1064
2678 1063
1020 1063
1019 1063
406 1063
1695 1062
4674 1062
1365 1061
929 1060
3474 1060
948 1058
810 1057
801 1056
4612 1054
2156 1053
2616 1052
569 1052
905 1051
4715 1051
2035 1051
466 1050
142 1049
2772 1049
737 1048
3393 1048
3365 1048
102 1047
544 1047
26 1045
4323 1044
2643 1041
4285 1039
892 1038
2952 1038
2570 1037
2345 1036
2503 1036
2682 1036
4016 1035
252 1034
4236 1033
1736 1032
87 1032
4507 1031
3883 1031
1236 1028
4075 1027
843 1024
4914 1023
1002 1023
4280 1023
2437 1023
4524 1022
1342 1022
1280 1021
2324 1020
4456 1017
3062 1017
4755 1016
4462 1016
3872 1013
2612 1012
3779 1012
1345 1012
2478 1012
3249 1011
1729 1009
2910 1009
5016 1008
1118 1008
2093 1008
738 1007
975 1007
2894 1007
3468 1007
1064 1003
408 1003
3663 1002
3909 1002
3774 1002
1734 1002
937 1001
1286 1001
1294 1000
4689 1000
1913 999
2821 998
942 998
2429 998
3162 996
4349 995
2974 994
2077 993
2773 993
349 992
2939 990
1484 988
841 987
2675 987
3940 987
3585 985
1863 985
2097 984
2181 984
2444 982
2978 982
1422 982
2924 981
4233 981
4169 981
619 980
125 980
2140 979
1135 978
481 977
3333 977
1252 977
3009 975
2405 975
3581 973
2220 972
3436 971
3667 967
4611 967
516 967
4187 967
2064 966
1284 966
3312 966
2994 965
160 964
3889 964
1402 964
3087 964
1614 963
2218 963
1819 963
2403 963
4155 962
4789 962
5065 961
695 960
3677 960
675 958
199 956
1245 956
2175 955
4454 955
1690 955
1727 954
5057 953
2208 953
2517 951
3316 949
3479 949
1962 948
3103 948
781 948
1563 947
12 947
4378 947
4455 947
3336 946
1152 945
1649 944
4752 944
2025 942
1299 942
2315 940
3469 940
792 938
1267 938
4516 937
4588 937
1598 936
1772 936
2201 935
2158 935
655 934
1622 934
2068 934
1198 934
1867 933
2933 932
4356 932
1505 931
2106 929
418 929
1777 928
3027 928
3472 927
3389 926
1104 925
3760 925
4320 925
71 925
3664 925
568 923
1973 923
2335 922
1348 921
4555 921
4291 921
4133 920
3478 920
2399 920
3559 920
2801 919
3256 918
4902 917
307 916
2420 916
2959 915
4484 914
261 913
2714 912
3709 912
3546 912
2611 911
2788 911
1620 911
4466 910
269 910
4293 910
3978 910
2779 909
2934 908
4747 907
3527 907
549 907
287 907
649 906
2081 906
1258 905
4574 905
425 905
463 905
1029 904
1857 903
2428 902
5085 902
184 902
2353 901
2629 901
1908 900
5088 899
2436 899
1417 897
2463 897
4781 896
3515 896
2911 894
1367 893
732 891
2342 890
2182 890
1336 889
486 888
4165 888
1961 887
1580 887
1043 887
779 887
1069 887
2119 887
2243 885
234 884
1421 884
2621 884
3104 884
369 883
4773 883
3699 882
2707 882
3170 882
3394 881
3188 880
1465 880
1676 880
1408 880
2727 879
5049 877
2041 876
4677 876
4043 875
1140 874
2138 873
2866 872
4775 872
2400 872
3762 870
1786 870
1070 870
2588 869
65 868
1667 866
1490 865
3438 864
2094 864
4513 863
4397 862
4461 861
2760 861
3426 861
2148 860
4042 858
4479 858
2799 857
4814 856
3563 856
2699 855
2975 855
4750 855
68 854
4403 854
2333 851
1173 850
3160 850
1799 850
1114 849
4679 849
3265 848
3181 847
3378 847
4607 847
3046 847
2508 846
222 845
4879 842
1599 842
1068 842
2906 842
1139 841
1597 840
780 840
3442 840
2311 840
1925 839
4838 838
3967 837
1356 836
5012 835
983 834
3070 834
2539 834
1032 834
3809 833
1619 833
4880 833
298 832
241 832
280 831
3791 830
3483 830
2929 828
1542 828
3432 828
1513 827
587 827
3459 827
1582 827
4858 827
4954 827
2631 825
1323 824
957 824
3926 824
4485 824
1720 823
4194 822
4252 820
2696 820
4700 819
2337 818
4973 818
736 817
2785 817
453 816
3816 816
3331 814
1514 814
2412 814
739 813
2653 812
2083 812
4188 811
251 811
2104 810
3904 809
1024 808
3172 807
4406 807
4544 807
4992 806
4928 806
491 806
1610 806
301 806
4134 805
1249 804
4301 803
2006 802
3299 801
4109 801
4803 800
4380 800
767 800
4613 800
4853 800
1797 799
1521 797
3210 797
4216 796
2545 796
4815 796
1976 795
3111 794
1893 794
1439 794
597 794
1468 791
2916 791
2253 789
3638 789
1278 788
281 788
1596 788
1234 788
4326 788
3487 788
687 787
2205 786
2250 786
584 786
3140 786
4076 786
4530 785
5061 783
2969 783
2904 781
3959 781
2861 779
2944 778
163 778
2648 778
3309 777
793 777
3992 777
3875 776
3190 775
2259 775
2711 775
4160 775
3303 774
1150 773
4736 772
886 772
4229 771
2248 771
3310 771
3354 770
4873 768
1591 767
1372 767
4400 767
382 767
3461 766
595 765
2352 765
4091 764
1989 763
565 763
4251 763
1355 762
1517 762
321 762
397 761
1963 761
756 761
2668 761
2747 761
1048 760
2161 759
3953 759
3279 759
2498 759
2573 758
2943 758
336 758
3255 758
2165 757
3382 757
2623 756
3234 755
1773 755
3961 755
4979 755
3135 755
362 754
458 753
548 753
2179 753
436 752
4427 751
4340 751
250 751
2480 751
387 749
2213 749
2921 748
4646 748
1894 748
1716 747
4961 747
3091 747
633 747
1617 745
4543 745
3830 744
1628 744
4363 744
2565 743
473 742
773 742
3801 741
2970 741
1077 741
1637 741
2960 741
4623 741
4843 741
2392 740
639 740
479 739
5050 738
1175 737
263 737
3185 737
2945 736
4044 734
1441 734
1516 734
227 733
2984 733
2736 733
90 733
3604 732
4616 732
3566 732
1705 731
4600 731
1998 730
628 730
2457 729
3055 728
1054 728
3293 727
4027 727
2186 727
2815 726
167 725
1849 725
4493 725
183 724
4190 724
4303 723
5025 721
4396 720
5093 720
2928 720
33 718
2229 718
1825 717
4412 717
625 716
2497 716
3624 715
532 715
3562 714
4744 713
3424 713
4895 713
1122 712
3198 712
891 712
185 712
462 711
1275 711
2577 710
4598 710
4587 709
4943 709
3290 708
2537 708
4389 708
4475 707
3101 707
2370 707
5014 706
4423 705
2171 705
389 705
4624 705
4409 704
4321 703
1821 702
4447 701
1957 700
3206 700
5060 700
4672 700
446 700
237 699
562 699
1899 699
115 698
3595 698
535 697
3901 696
400 696
3933 696
3097 695
1006 695
3080 695
2684 693
2135 693
659 693
3375 692
3075 692
3539 691
1382 691
2468 690
2798 690
747 689
577 689
4517 689
1909 689
2368 688
4294 687
4962 686
4857 686
1450 685
556 685
3726 684
4825 684
2379 684
2402 684
4994 683
4377 683
2268 683
4765 682
4938 682
3271 682
3988 682
3320 681
4690 681
907 681
656 679
46 678
2330 678
744 678
4073 678
2141 678
177 677
3639 677
1781 677
2583 676
4834 675
3798 675
2063 674
4779 674
3832 674
2228 674
986 672
3908 671
3248 671
1459 671
4636 670
1926 670
646 669
876 669
3319 667
1595 667
302 667
4721 667
3659 667
537 666
1978 666
2840 665
3514 665
3731 663
4022 663
1544 662
432 662
1759 661
3997 660
1714 659
359 659
3219 658
1057 657
1159 657
696 656
122 656
3828 656
4267 656
1334 655
4393 655
315 655
1120 653
2712 652
2206 652
3400 651
4361 651
2576 650
5010 650
2544 649
169 648
3167 648
32 647
3893 647
2931 646
364 646
2266 646
2343 646
956 645
4174 645
705 644
1911 644
153 643
73 642
498 642
961 642
3305 642
2819 642
110 642
4348 641
4173 641
264 640
609 640
3800 640
1195 639
3758 639
1066 638
2634 637
990 636
2500 636
805 636
4806 636
2163 635
999 634
501 633
2926 633
704 631
3042 631
1464 630
861 630
2664 630
3787 629
3203 629
2180 629
4088 629
127 628
2971 628
5035 627
601 625
4058 625
4431 625
5003 624
3626 623
3047 622
2284 622
557 621
503 621
2362 621
3715 621
1157 620
511 620
3090 620
2261 620
3168 620
2178 619
384 618
1017 618
5053 618
2796 618
782 617
3881 617
2575 617
4944 616
1307 616
694 616
4370 615
3153 615
1939 614
3919 614
4644 614
3510 614
3366 614
2892 614
1562 613
470 613
1811 612
449 612
4622 612
2204 612
4118 611
3076 611
3607 610
4014 610
3524 610
3736 609
4106 607
2965 607
806 606
3757 605
4156 605
708 604
475 604
3538 604
368 604
2395 603
3674 603
3025 603
4347 602
4790 602
3359 602
3345 601
4116 600
883 599
1156 599
2285 599
2385 599
5056 598
2768 598
2039 597
3963 597
2474 596
175 596
2509 596
4202 596
3815 596
3496 596
542 595
1884 595
1864 594
2831 594
5029 594
3041 594
2391 592
4386 592
3991 591
3266 591
38 591
1646 591
3966 591
3839 591
2913 591
4643 591
672 590
4925 590
2591 589
4339 589
5084 589
2341 588
1398 588
1036 588
3650 588
2227 588
2021 588
3530 588
1885 587
3913 587
652 587
1366 586
494 586
3146 586
247 585
1052 585
259 584
352 584
2426 584
1333 583
319 583
1602 582
29 582
3082 582
3716 581
4812 581
1525 581
1589 580
4913 580
2854 580
3163 580
3921 580
2607 580
4665 579
3529 578
4664 578
1541 578
3001 578
242 577
2490 577
427 577
2647 577
2166 576
1713 576
2255 576
100 575
784 575
4956 575
2791 575
3287 575
4705 575
1691 575
1630 574
880 572
439 572
2556 571
4582 571
1021 571
4170 570
380 569
4576 569
1954 568
4159 567
1045 567
3697 566
879 566
4175 566
2633 566
3682 566
3924 566
2886 566
1362 566
4107 565
3843 564
616 564
3437 564
1624 564
2860 564
5108 564
4489 563
1025 561
974 561
4541 561
2471 561
962 560
1878 560
2162 560
3951 560
1320 559
460 559
4631 559
424 559
3666 558
2296 558
1289 557
35 556
585 556
3981 556
154 556
4577 555
4894 554
4571 554
2287 554
2318 554
1393 553
2541 553
3695 553
2795 553
49 553
2640 552
15 551
2762 551
4097 550
3152 550
1347 550
1502 550
208 549
851 549
2300 549
1778 549
2361 549
3109 549
4264 549
1477 548
3864 548
103 547
3454 547
1652 547
701 547
4353 545
4197 544
190 544
2827 543
2923 543
1684 543
3932 543
3184 542
3955 542
1766 542
2584 541
678 540
1262 540
4940 540
4757 540
581 539
2805 538
2323 538
3037 538
3712 537
4213 537
3120 536
2738 536
3038 535
309 534
2222 534
1503 534
4896 534
4297 533
1834 532
1905 532
3969 532
2835 531
4953 531
2100 531
1409 531
363 531
4774 530
1454 530
1433 530
761 530
4449 529
121 529
1871 529
2601 529
3068 529
1231 528
850 528
4246 528
1827 527
586 527
482 527
3775 527
2314 527
4191 527
3377 527
4581 526
1737 525
5076 524
1694 524
1205 523
4375 523
361 523
3525 523
2958 522
4625 522
1555 522
3182 522
170 522
526 521
2160 521
109 521
45 520
3441 520
4547 520
4688 519
3228 519
2028 519
3745 519
4906 518
2802 518
2423 518
522 518
5023 516
2976 516
1291 516
2666 516
4608 516
4637 516
928 515
3430 515
1371 515
3176 515
4980 514
835 514
1007 514
2224 514
4971 513
306 513
2031 512
444 511
1079 510
3578 510
1353 509
4903 509
2291 508
4032 508
4495 508
4379 508
4419 507
3187 507
2363 507
3071 507
4730 507
2304 506
2546 506
1326 506
4212 506
529 505
5018 505
1977 504
4718 504
746 504
4939 504
1565 503
218 503
1801 503
4888 502
3640 501
1606 501
4235 501
3144 501
3456 500
2049 500
3896 498
3099 497
456 497
2787 497
2114 497
1078 496
1844 496
4263 496
2613 496
4562 495
1930 495
3280 495
4001 495
1440 494
3929 494
1508 494
4669 494
4345 493
1546 493
2955 493
1133 493
1923 492
2307 492
1993 492
823 491
4257 491
2447 491
4171 491
1154 490
4211 490
1199 489
2233 489
2986 488
2326 488
4967 488
2329 488
3548 488
981 487
4793 487
3288 487
490 487
2713 487
327 487
4324 486
2433 486
3129 486
1780 486
3325 485
3079 485
654 484
3193 484
3590 484
2277 483
4515 482
2 481
3155 481
2358 481
483 481
2386 481
4316 480
671 478
1793 478
4095 478
1699 477
1138 477
3286 476
1400 476
624 476
4876 476
1381 475
697 475
4053 475
4872 474
2211 474
4029 473
4680 473
750 473
4531 473
3410 473
4945 473
4756 472
2766 472
2172 472
1966 472
2703 472
2032 472
4158 472
2599 472
3772 472
1735 471
954 471
2445 471
1136 471
4556 471
4725 471
4740 470
553 470
3387 469
5075 469
1967 469
1144 468
3853 468
55 468
814 467
158 467
1992 467
3370 467
5028 467
3811 467
2098 466
1515 466
1051 466
4019 465
3133 465
1305 465
1349 464
64 464
4087 464
2608 464
1931 464
2625 464
4274 463
1460 463
3711 463
3141 462
2476 462
2456 462
1093 461
3018 461
3209 461
5080 461
419 460
2902 460
78 459
485 459
3467 459
341 459
2948 459
1379 458
849 458
2667 458
3308 458
2715 458
1127 457
1956 457
2308 457
1552 457
2681 457
4550 456
270 455
1755 454
1579 454
1907 453
2989 453
239 452
1558 452
702 452
4100 451
3934 451
223 450
3603 450
4788 450
3582 450
3191 449
561 449
1056 449
3792 449
5045 449
489 449
2553 449
3705 448
3692 448
757 448
1462 448
4039 448
733 447
4733 447
2548 447
117 447
21 446
1495 446
354 446
3845 446
1531 445
2042 445
5110 445
4199 445
1730 444
431 443
965 443
4299 443
146 443
828 442
1900 442
2888 442
2555 442
2060 440
1290 440
1529 440
126 440
3911 439
3048 439
846 439
2219 438
3874 438
3755 438
1972 437
5072 437
1268 437
161 437
4502 437
1586 437
2889 436
3269 436
1194 435
4563 435
1197 435
3817 435
3708 434
3235 434
1557 434
4142 434
1669 434
860 433
1420 433
506 433
2632 433
2153 433
4222 432
2641 432
1829 432
1556 432
2538 432
635 431
2154 431
2270 431
4458 431
2472 431
1083 430
5079 430
2038 430
4650 430
1303 429
950 429
1128 429
1936 429
3194 428
1559 428
4717 428
1176 427
1697 427
2002 427
1590 427
238 427
629 426
3761 426
3014 426
3891 426
2360 425
2486 425
2679 425
1188 425
2108 425
4596 425
289 424
610 424
3020 424
4642 424
244 424
2543 424
4707 424
3971 423
188 423
3401 423
3078 423
1569 422
2301 422
2595 422
5086 421
887 421
4621 421
2487 421
1692 420
4094 420
829 420
4329 420
566 419
4628 419
1748 418
2733 418
1471 418
2078 418
3632 418
923 417
137 417
70 417
1130 416
3178 416
3789 416
2977 415
3972 415
831 415
3655 415
4 414
4691 414
971 413
4359 413
924 413
3879 413
558 413
4949 413
5062 413
1991 412
4350 412
3771 412
4283 412
2592 411
3250 411
4618 411
2310 411
4841 411
4182 411
1979 411
3831 411
4292 411
1592 411
4904 411
1982 411
2018 410
4062 410
1769 410
2091 410
215 410
4093 410
243 410
2147 410
2462 409
1568 409
3558 409
3502 409
1094 408
4487 408
752 408
3004 408
4559 408
4851 407
1632 407
1651 407
3769 407
279 405
447 405
1782 405
4711 405
2184 405
5024 404
2751 404
4629 404
3734 404
2721 404
403 403
2279 403
917 402
726 402
3983 401
1975 401
3244 401
4739 401
2112 400
2193 400
1207 400
414 400
1476 400
3039 399
4854 399
54 398
3337 398
4795 397
1758 397
1633 397
2745 397
2708 396
3598 396
3750 396
2088 395
2572 395
998 395
4620 394
386 394
5002 394
3725 394
128 394
3443 394
3533 394
1451 393
4887 393
3128 393
769 393
3722 392
679 392
1645 391
2272 391
1272 391
4051 391
3142 390
2697 390
1656 389
3073 389
4869 389
2919 389
1704 388
1897 388
3507 388
2117 388
3429 387
1946 387
1887 387
3110 387
4760 387
1959 387
2730 386
2044 386
602 386
2765 386
4161 386
2414 386
2997 386
1511 386
564 385
1386 384
2507 384
3156 384
2176 383
2322 383
1763 383
4195 383
4558 382
2014 382
3127 382
2665 381
2689 381
390 381
4399 381
1561 380
4950 380
2603 380
464 380
2407 380
3868 379
1308 379
4724 378
2792 378
477 377
1487 377
4315 376
2132 376
3623 376
4439 376
1447 375
2263 375
383 375
231 375
517 375
2786 374
2378 373
4418 373
2264 373
4468 373
4020 372
1683 372
4776 372
3885 372
2489 372
4860 372
4382 372
2804 372
4749 371
1571 371
293 370
3651 370
4486 370
2813 369
4787 369
1935 369
4934 369
3759 369
5032 369
4626 368
1265 368
3686 368
2475 368
4737 368
890 367
3064 367
233 367
1216 367
2947 367
396 366
1325 366
4886 365
4683 365
666 365
4986 365
401 364
3113 364
1802 364
4978 364
417 364
2940 364
471 363
1344 363
2602 363
3419 363
984 363
5047 363
5015 363
3561 363
3482 362
3900 362
1467 362
573 362
1955 362
3199 361
4149 361
4011 361
4296 360
1099 360
3551 360
3270 360
1315 359
555 359
3093 359
3257 359
2722 359
2226 358
119 358
4152 358
670 358
3449 358
4193 357
1178 357
4425 357
1000 356
4217 356
1847 356
2504 356
2365 355
3016 355
4817 355
3871 355
5052 355
543 354
282 354
220 354
1313 354
3137 354
3057 354
4009 354
3531 354
2056 354
4401 353
1297 353
2404 353
106 352
2339 351
1742 351
2754 351
1969 351
2316 350
863 350
3636 350
1080 350
4549 350
2102 350
3034 349
118 349
3118 348
513 348
589 348
1547 348
3236 348
2454 348
16 347
3372 347
4306 347
2143 347
350 347
2598 346
2236 346
4568 346
4634 345
3069 345
638 345
1663 344
421 344
901 344
2202 344
2642 344
2319 343
1314 343
2425 343
4196 343
3338 343
2237 342
4545 342
2438 342
2483 342
1876 341
5095 341
5000 341
3439 341
2784 341
3915 341
3072 341
4589 340
4579 339
5008 339
1184 339
4840 339
4796 338
3836 338
2526 338
2899 337
3670 337
1698 337
1865 337
3457 337
2950 337
3822 336
3233 336
4820 336
3849 336
2996 335
4140 335
5011 335
1537 334
603 334
285 333
159 332
4638 332
4958 332
972 331
1497 331
1901 331
4130 331
521 330
4652 330
89 330
645 330
2610 330
484 329
855 329
2750 329
375 329
995 328
3149 328
4759 328
2718 328
4734 327
2936 327
1738 327
2624 326
4054 326
800 326
4085 325
4259 325
3557 324
3384 324
2127 324
4500 323
1270 323
2946 323
3706 323
131 323
3965 323
1432 323
690 323
136 323
3317 322
4334 322
720 322
2743 322
420 321
211 321
3422 321
3703 321
2645 320
4593 320
3820 320
441 319
3295 319
3343 319
83 318
3645 318
1031 318
3930 318
4510 318
973 318
3056 317
3738 317
2185 317
2401 317
3732 317
4539 317
1341 316
3352 316
2897 315
1612 315
818 315
209 315
1771 314
1702 314
1814 314
4421 314
3554 313
1661 313
1183 313
1338 313
3326 312
4957 312
4055 312
1723 312
4127 311
1892 311
4503 310
3766 310
1479 310
1538 310
257 309
182 309
1709 309
4855 309
2129 309
1922 309
859 308
1008 308
4569 308
2282 308
2303 307
1585 307
2494 307
1312 307
2212 307
2198 306
3373 306
132 306
4286 306
730 306
303 306
152 305
1634 305
4673 305
4532 305
3036 305
4482 305
1340 304
4147 304
3215 304
4951 303
3608 303
2637 303
3267 303
1527 303
4965 303
4772 303
2280 302
51 302
4981 302
1012 302
4271 302
2007 301
2744 301
4833 301
4657 301
3634 300
1504 300
3665 300
1768 300
4237 300
2290 299
2130 299
4266 299
958 298
2845 298
2074 298
465 298
2593 298
355 298
2927 298
91 297
1588 297
3415 297
249 297
4633 297
1803 296
3928 296
4748 295
2274 295
926 294
1658 294
1455 293
4443 293
724 293
3035 293
989 293
4693 293
3032 293
1891 293
4416 293
1677 292
1840 292
2614 292
2235 292
1233 291
2914 291
4723 291
795 291
2029 291
4534 291
3989 290
4897 290
4970 290
3166 290
4253 290
1137 290
4391 290
3938 289
1664 289
966 289
1331 289
1237 289
2619 289
541 289
2421 288
2873 288
719 288
3180 288
636 287
50 287
2662 287
3542 287
333 287
4374 287
1904 286
1843 286
385 286
2687 286
2013 286
4049 285
2702 285
2597 285
1098 285
3866 285
353 285
3905 285
4270 285
1543 284
4446 283
2170 283
1731 283
4200 283
4985 283
1912 283
2189 283
1405 282
3477 282
3195 282
864 282
897 282
4619 282
692 281
509 281
2852 281
34 281
2265 280
1204 280
4110 280
4145 280
2837 280
1932 280
4096 279
4255 279
3974 279
3873 278
1990 277
66 277
1191 277
2241 277
4827 277
2152 277
4942 277
1881 276
2514 276
1618 276
4166 276
2409 276
1889 275
468 275
4518 275
2441 275
1169 275
3744 275
4846 275
11 274
1436 274
3050 274
1831 273
709 273
2677 273
1666 273
3586 273
3060 272
493 272
4084 272
1671 272
1945 272
365 272
202 271
980 271
710 270
1984 270
4341 270
4890 270
3241 270
2234 269
4782 269
1285 269
510 269
1419 269
2865 269
4941 269
2024 268
4791 268
2450 268
155 268
3540 268
2327 268
902 267
1775 267
571 267
1485 266
673 266
3606 266
3157 266
979 266
4885 266
2216 265
2369 265
2652 265
4505 265
1950 265
2469 265
1999 264
1573 264
1014 264
3858 264
4535 264
2972 264
3635 264
3334 264
600 263
3379 263
4889 263
310 262
165 262
2905 262
3571 262
4224 262
3519 261
1809 261
3353 261
3363 260
3123 260
4852 260
3006 259
4758 259
3637 259
1807 259
1752 259
4365 259
665 258
711 258
3671 258
2484 258
2302 258
2157 257
1918 257
3313 257
4709 257
1448 257
84 257
2406 257
1111 256
3528 256
1560 256
3753 256
1530 256
1324 256
4384 256
653 255
3633 255
3946 255
2855 255
3371 255
57 255
4436 254
3912 254
3150 253
1001 253
968 253
217 253
4653 253
1981 253
2967 252
3678 252
3347 252
3824 252
3512 252
4131 251
1996 251
4012 251
4035 251
4522 251
273 250
869 250
2731 250
3641 250
4143 250
3923 250
3833 249
3183 249
3583 249
4208 249
2550 249
4354 248
4728 248
1067 248
844 248
1287 248
1403 247
2434 247
3061 246
2987 246
1798 246
2871 246
826 245
3844 245
1055 245
2774 245
4932 245
3518 245
2124 244
3356 244
3258 244
5096 244
272 244
2066 244
1828 243
3222 243
3907 243
1789 243
3739 243
2962 242
2522 242
2663 242
2305 242
4006 242
210 241
394 241
4201 241
1717 241
1266 241
4451 241
4905 241
4015 241
3298 241
1388 240
1269 240
1483 240
3788 239
1443 239
2107 239
2932 239
236 239
1943 239
3017 239
4778 238
2493 238
3390 238
1346 238
1022 237
2724 237
3544 237
2585 237
3939 237
2033 236
4256 236
3466 236
3748 236
2506 236
467 236
4045 236
194 235
4121 235
796 235
970 235
3460 235
2209 235
3616 235
4720 235
2853 235
2069 235
3054 235
4583 235
2273 235
4551 235
192 235
2467 234
4082 234
4670 234
3029 234
2981 234
4602 234
4219 233
1163 233
2705 233
2763 233
634 233
4163 233
2674 233
2877 233
2382 233
4553 233
664 233
592 232
604 232
2195 232
1164 232
5102 232
4038 232
2628 232
4604 232
4585 232
3381 232
41 231
1917 231
4826 231
4395 231
1107 230
317 230
4514 230
3357 230
4047 230
3574 230
4483 230
2298 230
148 229
4337 229
2344 229
3391 229
2203 228
688 228
4751 228
2442 228
4777 227
3221 227
1039 227
3322 227
959 227
3351 226
3218 226
967 226
3859 226
4319 226
3498 226
3835 226
113 226
178 226
4008 225
3804 225
3405 225
1551 224
507 224
4567 224
3207 224
740 224
4601 224
4948 224
1225 224
322 224
4554 224
2427 223
1076 223
1357 222
2388 222
4092 222
1916 222
2350 222
2168 221
3860 221
1406 221
1914 221
1687 220
4135 220
4743 220
4031 220
2019 220
2187 220
4115 220
1584 220
4288 220
2651 220
3002 219
4641 219
1810 219
3721 219
2983 219
3324 219
2776 219
699 219
935 219
2085 219
4068 219
4164 219
4754 218
1232 218
3453 218
518 218
631 218
613 217
4908 217
3143 217
4584 217
4512 217
4572 217
1528 216
4476 216
4254 216
1733 216
4570 216
3095 215
1506 215
1997 215
3516 215
2885 215
2167 215
3818 215
3 215
412 215
2037 214
3407 214
3861 214
3402 214
1862 214
4113 214
2247 214
1028 214
4997 214
1411 213
596 213
4836 213
2615 212
162 212
1438 212
2690 212
3795 212
3026 212
4640 212
166 212
1328 212
4875 212
2781 212
4464 211
1846 211
5078 211
1213 211
3192 210
1060 210
5082 210
3576 210
3984 210
4863 210
3171 210
2710 209
2408 209
3231 209
5044 209
3797 208
3010 208
1536 208
2525 208
3085 208
1401 208
889 208
2925 207
2748 207
3727 207
4918 207
3877 207
187 207
1215 207
1835 207
4668 206
3323 206
1404 206
2295 206
1089 206
1550 206
3857 205
4936 205
2846 205
3568 204
2851 204
3960 204
2655 203
69 203
5036 202
969 202
2523 202
2717 202
2870 201
3497 201
4658 201
3949 201
2520 201
2530 200
2479 200
683 200
5106 200
2876 200
3619 200
4506 200
1830 199
3609 199
3022 199
2812 199
1987 199
4243 199
4407 199
1928 198
1229 198
2375 198
4684 198
2900 198
4230 198
3413 198
4036 198
884 197
4702 197
539 197
4678 197
938 197
3358 197
1038 197
1815 197
808 196
3805 196
1650 196
3361 196
3740 196
461 196
1151 195
714 195
1011 195
5039 195
275 195
3957 194
1208 194
3534 194
3942 194
2942 194
1358 194
4575 194
4660 194
4527 194
1808 194
2764 193
2258 193
2317 193
3733 193
4892 193
3151 192
2882 191
4488 191
1741 191
228 191
3627 191
4699 191
4969 191
817 190
3399 190
4304 190
685 190
1951 190
3274 190
438 190
1309 189
3260 189
3417 189
4710 189
5064 189
2440 188
2131 188
3696 188
3986 188
2930 188
2125 188
2979 187
4802 187
4181 187
179 187
3349 187
2777 187
1657 187
3605 186
2811 186
4960 186
1359 186
3374 186
3019 186
3869 186
1189 186
1376 185
3808 185
3700 185
1745 185
4566 185
39 185
2289 184
927 184
4308 184
3993 183
4119 183
1604 183
3049 183
3898 183
4420 183
3490 183
3594 183
4335 183
3392 183
499 182
3596 182
578 182
2297 182
4964 182
3462 182
3074 181
2269 181
3314 181
1306 181
318 181
3829 181
4837 181
3092 181
3301 181
853 181
288 181
2818 180
1968 180
1574 180
2734 180
4661 180
3545 180
216 180
3272 180
4735 179
3683 179
1626 179
3642 179
2464 179
1074 179
2695 179
2803 179
4526 179
1250 179
4959 179
1919 179
3987 179
2949 178
4947 178
1688 178
718 178
4346 178
1166 177
838 177
3777 177
2723 177
221 177
2533 177
1387 177
706 177
423 177
3998 177
3553 177
3842 177
1859 177
4632 177
2431 176
3332 176
3647 176
2073 176
2367 176
3259 176
2881 176
4313 176
632 176
2050 176
2742 176
3145 175
2136 175
2540 175
2589 175
4656 175
324 175
1545 175
325 175
2245 175
2725 175
1879 174
2993 174
4595 174
680 174
2770 174
3089 174
4741 174
3610 174
1361 174
1548 174
2086 173
1639 173
4481 173
1600 173
474 173
4501 173
2137 173
1035 172
4630 172
1679 172
2207 172
4687 172
4835 172
3148 171
1566 171
2918 171
5006 171
5087 171
3285 171
3283 170
2650 170
2694 170
1239 170
4041 170
30 170
2908 170
2562 169
4877 169
5001 169
3053 169
4496 169
3977 169
3782 169
1706 169
575 169
398 169
2686 169
4221 168
2293 168
4682 168
857 168
2150 168
1316 167
2789 167
1627 167
3935 167
5038 167
3906 167
5054 167
4007 167
1668 167
2082 167
3252 167
574 166
3189 166
3105 166
2435 166
1854 165
2009 165
770 165
2808 165
2047 165
366 165
3463 165
2122 164
531 164
3870 163
3268 163
2869 163
4884 163
4139 163
4883 163
2739 162
4975 162
253 162
3916 162
5092 162
3717 162
662 162
2528 162
2246 161
1964 161
4708 161
599 161
3854 161
3897 161
4498 161
875 161
3810 161
4226 160
1375 160
567 160
379 160
3040 160
4355 160
2139 159
2980 159
201 159
1792 159
1575 159
1941 159
3611 158
3743 158
3380 158
3216 158
3134 158
2816 158
2587 158
3999 157
1125 157
3763 157
712 157
2617 157
5043 157
612 157
357 156
3263 156
4352 156
2048 156
888 156
2225 156
580 156
1509 155
2951 155
1223 155
2604 155
1848 155
1126 155
5114 155
4064 154
3780 154
3799 154
3084 154
3348 153
457 153
2973 153
3752 153
2000 153
3549 153
4797 153
1457 152
5101 152
753 152
4136 152
3648 152
1924 152
2639 152
4675 152
5021 152
4435 151
2417 151
4215 151
2775 151
2698 151
2849 151
112 151
2529 151
2230 150
3240 150
676 150
295 150
3719 150
3982 150
3494 150
5073 150
2606 150
5074 149
1046 149
3599 149
1539 149
3680 149
1948 148
3119 148
4282 148
3572 148
4037 148
2374 148
2134 148
3355 148
4260 148
2767 148
2455 148
2133 147
430 147
3918 147
367 147
472 147
4411 147
4141 147
1425 147
2084 147
2661 147
2527 147
3887 147
3728 147
933 146
1124 146
96 146
667 146
2005 146
794 145
1426 145
3030 145
3841 145
3615 145
1091 145
4081 145
480 145
4783 145
1300 145
4504 144
910 144
1725 144
4124 144
870 144
4578 144
4052 143
4184 143
2145 143
1837 143
2513 142
2938 142
2966 142
3225 142
3536 142
1839 142
3470 142
1795 141
2325 141
133 141
3368 141
1148 141
582 140
4492 140
5103 140
4126 140
2561 140
4424 140
4698 140
3412 140
200 140
4227 140
3360 140
4099 140
1142 139
3654 139
2413 139
4065 139
3208 139
3307 138
4856 138
291 138
579 138
1428 138
4533 138
2954 138
807 138
3471 138
3856 137
2095 137
2188 137
3388 137
3947 137
2841 137
3116 137
3211 137
1072 137
4719 137
2956 137
4048 137
911 136
1434 136
62 136
205 136
2359 136
1895 136
1507 136
3523 135
3569 135
691 135
1343 135
2859 135
881 135
372 135
1813 135
5027 135
915 135
4203 135
4984 135
3408 135
3593 134
1765 134
2173 134
1276 134
3147 134
1860 134
1044 134
4478 134
4056 133
1182 133
2334 133
1882 133
4606 133
1784 133
4850 133
4727 133
3227 133
953 133
867 133
150 132
4597 132
4794 132
3052 132
528 131
3968 131
5063 131
328 131
2495 131
4013 131
4697 131
3614 130
2558 130
2884 130
1672 130
2864 130
1611 129
4059 129
3066 129
1318 129
2331 129
1605 129
4004 129
3015 129
2488 129
1608 129
1180 128
4368 128
3591 128
614 128
409 128
2797 128
1806 128
608 128
4828 128
2848 128
4671 127
2875 127
410 127
2830 127
925 127
4463 127
1238 127
3277 127
3522 127
3476 126
4615 126
3273 126
311 126
85 126
3617 126
3261 126
904 125
3330 125
1112 125
402 125
28 125
903 124
3503 124
830 124
3742 124
3794 124
2221 124
2716 124
1880 124
219 124
5109 124
1049 124
2857 124
4870 124
4330 124
4438 123
1240 123
2022 123
3723 123
1836 123
5113 123
2389 123
326 123
825 123
4366 122
1938 122
2654 122
3730 122
388 122
3364 122
1061 122
4732 122
1872 122
2828 122
3807 122
1368 121
4460 121
5031 121
2890 121
4383 121
1496 121
2351 121
743 121
5004 121
4247 121
4714 121
2646 120
1087 120
2740 120
4952 120
63 120
1850 120
4063 120
2582 120
4685 120
5099 120
4278 120
3086 120
2922 119
2963 119
3159 119
1235 119
1155 119
4312 119
3196 119
4639 119
2879 118
79 118
2214 118
4866 118
4695 118
376 118
3420 117
1929 117
151 117
2320 117
4635 117
2571 117
1 117
4810 117
3031 117
4151 117
2123 117
2568 117
4911 116
1218 116
4917 116
1311 116
3098 116
492 116
9 116
3212 116
2357 115
3964 115
1812 115
3541 115
4666 115
4444 114
2915 114
292 114
3174 114
3447 114
2249 114
3292 114
3786 114
3601 113
4023 113
255 113
552 113
764 113
1804 113
4137 113
3848 113
3169 113
626 113
3892 113
411 113
3339 112
4508 112
525 112
214 112
413 112
186 112
1131 112
4933 112
2957 112
3806 111
193 111
4024 111
2328 111
1037 111
3597 111
2034 110
43 110
819 110
2169 110
2422 110
2843 110
4509 109
811 109
180 109
1444 109
3749 109
530 109
865 109
551 109
61 109
1026 108
2968 108
476 108
3768 108
1217 107
1494 107
1500 107
2676 107
1665 107
2183 107
4654 107
3649 107
3704 107
168 107
4891 107
3404 107
3698 106
735 106
1832 106
4862 106
663 106
3746 106
4223 106
4927 106
1855 105
2547 105
1787 105
1145 105
2072 105
1660 105
4000 105
2704 105
373 105
4080 105
3652 105
2126 105
469 104
1980 104
3956 104
4061 104
3587 104
1469 104
4318 103
1390 103
299 103
323 103
2449 103
4667 103
440 103
1693 103
40 103
5091 103
2057 103
2192 102
3464 102
2026 102
2620 102
1826 102
2003 102
2373 102
2052 102
2232 102
4704 102
681 101
3812 101
4540 101
4929 101
3444 101
1185 101
3511 101
4557 101
4387 100
4655 100
3927 100
5089 100
4327 100
4910 100
2783 99
4977 99
3094 99
2482 99
7 99
3506 99
3944 99
2749 99
2410 99
3556 99
1858 98
3834 98
1211 98
4546 98
143 98
3306 98
300 98
2286 98
2340 98
3681 98
527 97
2453 97
2726 97
2001 97
104 97
1903 97
3213 96
2036 96
1251 96
4290 96
2254 96
3484 96
3223 95
1921 95
27 95
2569 95
3707 95
3245 95
3602 95
3158 95
3612 95
3386 95
2397 95
2658 94
3065 94
3629 94
996 94
3825 94
3346 94
3588 93
2903 93
4281 93
2887 93
5042 93
1886 93
4128 93
3102 93
4189 93
4753 93
2941 93
554 92
3475 92
4265 92
2008 92
700 92
4448 92
2065 92
812 91
488 91
2755 91
3013 91
3720 91
1675 91
3852 91
3132 91
10 91
4792 91
4807 90
3202 90
2240 90
2515 90
1707 90
4821 90
4592 90
1796 90
3243 90
3284 90
82 89
3335 89
3764 89
4205 89
1059 89
2549 89
661 89
2103 89
2844 89
4909 89
3452 89
3300 88
75 88
2115 88
3838 87
3275 87
3421 87
1119 87
3996 87
3661 87
1866 87
278 87
2491 86
940 86
3397 86
53 86
3428 86
3154 86
2706 86
717 86
650 86
4591 86
1933 85
4117 85
994 85
4057 85
1181 85
2735 85
2732 85
3396 84
2741 84
2898 84
1384 84
3917 84
3573 84
3526 84
2244 84
504 84
4028 84
1193 84
2118 84
4701 83
4823 83
2842 83
3058 83
4218 83
1296 83
1153 83
2524 83
1719 83
3500 82
3431 82
2199 82
3535 82
1791 82
721 82
3122 82
3124 82
2376 81
1086 81
1726 81
1226 81
4586 81
3894 81
3282 80
2867 80
789 80
4426 80
2058 80
2991 80
815 80
833 79
2461 79
3862 79
3411 79
344 79
1576 79
658 79
3005 79
1206 79
2878 79
4360 79
347 79
3315 79
2502 78
1728 78
316 78
4898 78
4552 78
2559 78
2895 77
2909 77
2670 77
2312 77
641 77
758 77
3007 77
4871 77
1222 77
698 77
2424 77
487 77
4385 77
4845 76
3051 76
2415 76
5058 76
2893 76
1856 76
2636 76
1701 76
4328 76
4231 76
2190 76
1947 75
3406 75
3552 75
4494 75
4617 75
2810 75
4367 75
4179 75
1172 75
5094 75
4210 75
1853 75
3492 75
3729 75
4373 75
809 75
3232 75
3555 75
852 74
2806 74
4935 74
2891 74
196 74
3112 74
2262 74
3108 74
2215 74
3973 74
171 74
2535 74
4529 74
4726 73
3043 73
1631 73
4167 73
2729 73
335 73
2223 73
2470 73
2850 73
2627 73
2618 72
4467 72
3173 72
4729 72
4067 72
778 72
878 72
346 72
1983 72
951 72
512 71
1192 71
2847 71
1756 71
4445 71
4983 71
4784 71
230 71
3276 70
1501 70
3217 70
4358 70
759 70
3226 70
4590 70
931 70
1644 70
3914 70
4771 70
5040 70
2542 70
1257 70
1743 70
2982 70
4338 70
4676 70
2839 69
2680 69
3567 69
1554 69
266 69
2459 69
847 69
459 69
4614 69
3230 69
4813 69
2142 69
3262 69
1243 69
4785 69
3846 69
4472 69
2023 68
4722 68
320 68
4471 68
4745 68
4429 68
1161 68
4937 68
2516 68
1518 68
4408 68
3491 68
4573 68
1385 68
268 68
2460 68
450 68
4818 68
313 68
4442 68
4659 67
1253 67
1680 67
2644 67
433 67
4995 67
4599 67
3620 67
2563 67
1927 67
5081 67
5069 67
4865 67
3329 67
3600 67
1492 66
5034 66
2011 66
3139 66
4066 66
4453 66
2252 66
99 66
3254 66
4018 66
3440 66
657 66
4103 66
2998 65
2552 65
340 65
4376 65
2880 65
2231 65
3059 65
1949 65
4627 65
4520 65
4542 65
2769 65
1760 65
2313 65
1838 65
583 65
3618 65
3296 65
1102 64
2720 64
2390 64
4988 64
4010 64
4900 64
3130 64
5013 64
2917 64
2600 64
5104 64
1416 63
2567 63
3414 63
2051 63
5068 63
4272 63
2832 63
5066 63
2638 63
1965 62
3107 62
4648 62
785 62
4686 62
2076 62
181 62
2242 62
2101 62
2430 62
2149 62
1823 62
105 62
593 62
643 62
4922 62
129 62
5037 62
2196 62
1461 61
2856 61
4415 61
988 61
395 61
4594 61
2937 61
2512 61
2356 61
4322 61
3177 61
4536 61
4480 61
2758 61
337 61
1970 61
4392 61
4881 61
4987 61
4991 61
4372 61
2626 60
3418 60
4990 60
3205 60
2536 60
3455 60
4394 60
4239 60
620 60
3577 60
4003 60
3560 60
3224 60
4731 60
3350 60
77 59
4919 59
4878 59
3630 59
2501 59
1816 59
669 59
3631 59
4830 59
3138 59
2054 59
3702 59
4864 59
5051 59
343 59
3643 58
4112 58
3903 58
3509 58
4220 58
198 58
2752 58
3701 58
3613 58
3948 58
545 58
4893 58
2560 57
3096 57
213 57
3504 57
3493 57
3689 57
2833 57
2210 57
93 57
2688 57
1820 57
2669 57
2027 57
2510 57
2534 57
3341 57
2271 57
4538 57
4998 57
4287 56
3747 56
3880 56
1774 56
2080 56
4311 56
4849 56
2657 56
4398 56
617 56
195 56
570 56
48 56
60 56
5007 56
4968 56
36 56
2836 55
4069 55
2685 55
2151 55
4005 55
4183 55
2481 55
3980 55
345 55
3501 55
2458 55
2045 55
4225 55
914 55
3547 55
284 54
3851 54
1953 54
3625 54
3362 54
2822 54
4132 54
2746 54
607 54
3656 54
3994 54
4839 54
4829 54
2728 54
4649 53
4497 53
647 53
1578 53
668 53
3458 53
3718 53
3622 53
3117 53
1526 53
2656 53
31 53
1220 52
3679 52
2336 52
2053 52
1770 52
4457 52
4560 52
4279 52
124 52
3251 52
3945 52
2473 51
3737 51
4916 51
949 51
1489 51
524 51
2380 51
4357 51
2276 51
429 51
2581 50
916 50
682 50
3435 50
3481 50
1601 50
3886 50
1944 50
2128 50
4122 50
4111 50
4410 50
4955 50
651 49
3672 49
3819 49
204 49
3855 49
952 49
2383 49
4098 49
4798 49
3465 49
3803 49
4433 49
4074 48
908 48
559 48
3773 48
3579 48
4289 48
2823 48
3925 48
88 48
3376 48
1994 48
3770 48
1958 48
1282 48
495 48
3823 48
3867 47
3802 47
1708 47
1488 47
2630 47
24 47
2660 47
1293 47
1493 47
3550 47
4102 47
943 47
189 46
913 46
3662 46
3398 46
1642 46
1510 46
3990 46
3685 46
1512 46
1851 46
2419 46
893 45
4146 45
1937 45
546 45
4033 45
4034 45
72 45
1587 45
786 45
1329 45
374 45
1739 45
1092 44
1762 44
4050 44
1259 44
707 44
909 44
3995 43
342 43
4083 43
3783 43
3575 43
245 43
4077 43
1615 43
1670 43
4209 42
405 42
1712 42
776 42
3690 42
3570 42
4250 42
246 42
1623 42
922 42
3827 42
640 42
1412 42
791 41
3710 41
1540 41
3813 41
766 41
508 41
37 41
1115 41
4060 41
921 40
1095 40
3890 40
1256 40
1065 40
1179 40
1750 40
4178 40
1283 40
3489 40
3902 39
1721 39
839 39
2564 39
939 39
1413 39
157 39
842 39
4162 39
1292 37
1475 37
3520 37
56 37
1456 37
356 36
1616 36
722 35
1110 35
1146 35
1034 35
1202 35
1583 35
1230 35
1435 34
1638 34
3485 32
1466 31
392 31
1116 31
871 28
