</s> 25550
241 12580
137 8049
956 7665
372 6805
105 6075
319 5321
483 5079
1111 4562
234 4516
2073 4358
1212 4344
1875 4266
1118 4123
2301 4107
1827 4011
394 3876
236 3853
1406 3814
696 3730
1026 3728
707 3634
3 3628
134 3551
811 3550
316 3487
1227 3477
788 3464
946 3444
911 3440
438 3413
2424 3200
1815 3200
643 3189
139 3097
251 3095
764 3074
2545 2931
2139 2929
824 2889
1621 2888
169 2867
1480 2854
1237 2850
1398 2842
1765 2834
499 2833
1153 2817
2258 2784
863 2765
1591 2747
2490 2739
548 2726
1205 2715
1322 2684
1110 2675
2049 2657
399 2623
576 2610
1590 2606
1630 2606
1214 2592
1240 2587
1198 2582
331 2579
562 2564
1688 2530
104 2522
2074 2486
293 2463
2054 2453
1435 2417
1067 2411
216 2382
2277 2382
2250 2377
363 2339
1571 2334
1297 2313
862 2311
1536 2308
82 2282
99 2267
287 2262
2043 2261
255 2249
976 2245
1229 2218
468 2184
1531 2169
1450 2149
16 2149
519 2146
1340 2138
337 2128
1604 2127
1677 2121
1690 2116
659 2115
593 2110
1963 2110
1108 2107
1013 2102
229 2096
703 2095
874 2095
1440 2082
1047 2078
149 2078
866 2077
1282 2069
647 2068
486 2065
2093 2063
1073 2055
905 2052
1551 2045
1189 2039
1313 2038
2157 2031
943 2029
1664 2025
1633 2014
1078 2009
436 2007
629 2006
443 2000
118 2000
527 1991
347 1984
1418 1980
1392 1975
208 1975
177 1966
279 1961
2021 1951
818 1942
2405 1940
302 1937
697 1924
602 1912
535 1906
1451 1903
586 1902
2196 1898
671 1896
743 1894
1022 1894
382 1880
1183 1878
884 1862
515 1861
1634 1853
424 1848
238 1847
107 1847
1196 1841
235 1837
1682 1832
1553 1828
2223 1821
95 1819
931 1817
0 1813
644 1812
1376 1812
632 1807
964 1804
1345 1797
603 1790
64 1780
900 1777
769 1770
988 1767
1290 1766
2154 1763
1169 1762
1668 1757
364 1754
1063 1754
808 1749
2061 1745
2275 1733
261 1732
67 1731
362 1723
115 1722
630 1714
728 1714
1427 1712
2161 1709
640 1708
1077 1706
1309 1706
1135 1702
2239 1695
1572 1693
55 1692
656 1683
2498 1681
2506 1681
431 1679
1613 1677
947 1675
2150 1668
2389 1666
763 1662
65 1661
1036 1661
2459 1659
1272 1654
711 1651
419 1650
1455 1650
1601 1634
218 1629
945 1628
1034 1625
2289 1624
933 1620
1202 1617
263 1615
1349 1614
776 1612
1463 1611
1249 1610
734 1601
145 1600
185 1600
2037 1600
2433 1600
1898 1600
2334 1600
1625 1600
1775 1600
1768 1600
1195 1599
57 1597
1532 1593
295 1591
1307 1589
1020 1588
853 1581
896 1578
1096 1578
614 1562
272 1560
2449 1548
1533 1546
1343 1545
913 1541
1308 1539
1378 1539
1032 1537
1171 1533
777 1525
588 1522
1023 1522
1327 1521
1159 1515
507 1513
1663 1509
124 1508
1404 1503
96 1502
5 1502
1099 1501
633 1500
526 1496
2162 1493
2396 1493
1374 1492
1951 1485
60 1482
987 1480
690 1477
937 1476
1693 1476
1317 1476
1131 1475
693 1472
352 1467
773 1466
498 1463
1100 1462
1522 1460
2407 1454
1544 1452
246 1450
1859 1444
2240 1442
1014 1434
2059 1433
932 1429
736 1429
2379 1428
1419 1425
374 1423
1150 1420
609 1418
971 1412
1489 1404
511 1403
1527 1402
789 1401
975 1400
873 1398
2535 1395
2098 1395
890 1395
989 1392
1068 1388
25 1388
704 1379
253 1379
539 1378
2446 1377
462 1375
2230 1373
318 1373
1075 1373
2517 1372
1372 1370
655 1370
265 1370
892 1369
1320 1367
872 1367
2051 1364
1199 1362
2103 1362
2494 1361
522 1360
88 1358
979 1358
1191 1357
93 1355
845 1354
1217 1349
709 1346
1949 1345
982 1334
2186 1334
533 1334
1201 1331
2167 1328
1433 1325
429 1324
1089 1323
1861 1323
2129 1318
579 1316
2457 1315
2551 1309
496 1308
636 1306
716 1306
1350 1302
81 1301
708 1299
460 1297
2285 1297
607 1291
730 1290
1094 1289
1258 1287
558 1286
1274 1285
1587 1282
950 1282
314 1280
1541 1274
800 1271
1156 1270
718 1269
1605 1269
2501 1267
1141 1266
1257 1266
345 1264
489 1262
814 1260
1502 1259
1200 1249
1444 1247
2309 1247
2055 1246
807 1244
1724 1242
2530 1240
1383 1239
949 1237
1296 1236
1005 1235
1115 1235
1761 1232
2124 1231
1 1229
1330 1225
231 1224
857 1223
225 1221
1784 1220
375 1219
767 1218
1204 1218
1542 1218
1624 1217
2487 1216
83 1212
1757 1212
407 1209
1966 1208
1468 1205
2012 1203
1209 1200
1246 1200
1989 1200
2046 1200
1797 1200
1960 1200
1058 1200
220 1200
30 1200
1876 1200
2042 1200
1913 1200
2314 1200
195 1200
1977 1200
1649 1200
2267 1200
1970 1200
2444 1200
1841 1200
1993 1200
2279 1200
1911 1200
2287 1200
1915 1200
1736 1200
2194 1200
2420 1200
1872 1200
1742 1200
2325 1200
2119 1200
2479 1200
1754 1200
2374 1200
1889 1200
948 1200
163 1200
2190 1200
2014 1200
1684 1200
1938 1200
85 1200
2159 1195
2312 1194
2488 1193
1001 1189
1671 1188
1223 1188
1113 1188
934 1185
2281 1182
1443 1182
1720 1182
1079 1181
802 1179
1003 1178
817 1177
1747 1177
506 1170
1147 1163
78 1162
1627 1161
2022 1160
203 1160
1393 1160
2355 1154
780 1154
1709 1153
1119 1151
1506 1148
1882 1146
505 1145
616 1144
1738 1144
1513 1143
1525 1142
1642 1141
665 1138
1877 1136
1732 1130
1381 1129
618 1128
403 1127
2435 1125
1379 1119
1347 1115
129 1114
2114 1112
756 1112
237 1110
490 1110
1243 1103
650 1102
1449 1101
2495 1096
1143 1094
1351 1093
497 1093
2145 1093
1211 1089
1064 1089
2171 1088
605 1085
1816 1084
584 1076
867 1074
1248 1074
2529 1074
2141 1073
1481 1073
2360 1073
111 1072
563 1071
2047 1070
2013 1069
1415 1068
714 1067
940 1065
761 1065
1582 1062
787 1058
1157 1057
649 1057
652 1057
452 1056
2358 1056
613 1055
547 1054
1356 1054
388 1052
984 1051
2286 1050
1284 1049
1304 1047
2526 1047
286 1047
906 1046
595 1046
28 1046
31 1046
1941 1046
2511 1044
2507 1044
1081 1043
1149 1041
15 1040
1818 1040
557 1040
2344 1039
744 1038
1508 1035
1371 1035
453 1035
1567 1033
852 1032
371 1031
1043 1031
480 1031
815 1030
1260 1030
20 1029
456 1029
981 1029
1048 1028
455 1028
2048 1028
404 1027
2195 1027
1436 1023
1370 1023
1672 1020
1140 1020
408 1019
249 1018
1219 1018
2366 1017
29 1016
901 1015
594 1013
162 1012
1845 1012
1236 1006
567 1005
248 1003
1881 1001
2480 998
1186 997
1056 995
2430 995
165 994
831 992
2168 991
9 991
2467 990
2394 990
2039 989
2229 988
1569 988
1017 988
2509 988
32 988
1453 987
1464 987
387 985
1084 984
842 982
1588 981
1526 981
2469 980
785 979
2261 978
909 977
582 977
1325 974
581 973
333 973
2496 973
2335 972
1462 971
1054 970
2516 970
1445 968
415 967
311 967
1659 967
749 965
2011 964
2522 963
914 961
922 960
2032 956
966 954
310 954
2454 953
495 952
1538 950
2417 949
2005 946
2044 945
259 945
463 943
757 943
795 942
1945 942
1465 942
380 941
2382 940
2493 939
1976 938
194 937
1380 935
2058 934
418 933
886 933
1930 933
1015 932
2464 929
1352 927
1138 925
1496 923
746 922
669 922
1055 920
2311 920
244 919
1128 919
798 916
622 915
2448 913
173 912
1669 912
1917 911
1059 907
1016 907
1716 907
725 906
2500 906
1366 904
433 904
148 902
1906 901
80 901
2191 901
782 898
1358 897
904 897
1755 897
654 896
1365 896
1181 895
1148 892
531 891
205 890
159 889
1518 888
985 885
752 885
574 882
2470 881
928 880
320 880
470 878
97 878
473 878
2099 878
160 877
727 877
1413 876
952 875
732 874
803 874
1271 873
1654 873
621 871
719 870
2278 870
2101 869
1581 868
1228 868
2247 866
2152 865
571 865
1498 865
2532 863
2553 858
1823 858
1088 856
532 856
409 854
1422 854
1062 852
1095 847
1000 847
1292 846
786 844
192 843
994 841
2478 841
1731 839
2112 837
1570 834
425 834
1431 834
870 830
1216 830
1980 830
2118 829
2265 829
1493 829
1780 829
1883 827
2462 827
43 826
538 825
2198 824
2215 824
2205 823
2305 823
1252 820
899 820
1554 817
1136 817
768 817
1466 817
1832 816
1750 816
2499 816
395 815
1534 815
2172 813
2414 813
157 813
809 812
1035 812
121 812
252 811
816 811
344 809
1715 809
2297 808
993 807
1441 807
2434 807
402 806
2455 806
1057 805
341 804
1042 803
132 803
2518 803
1580 802
1729 802
2193 802
1255 801
1763 800
1723 800
1294 800
1334 800
2076 800
2053 800
2102 800
2081 800
2404 800
2326 800
2266 800
2218 800
1811 800
1828 800
2304 800
2324 800
46 800
232 800
514 800
1566 800
1652 800
1640 800
2307 800
2406 800
1848 800
1873 800
1760 800
1770 800
1703 800
1730 800
553 800
1479 800
1726 800
1778 800
213 800
101 800
2300 800
2402 800
379 800
1162 800
103 800
125 800
2003 800
2062 800
2302 800
2294 800
2232 800
2177 800
1971 800
1990 800
2475 800
2489 800
1817 800
1814 800
2211 800
2252 800
2332 800
2429 800
1727 800
1777 800
1918 800
1942 800
2452 800
2513 800
2026 800
2006 800
2080 800
2134 800
1771 800
1787 800
1045 800
545 800
1956 800
1885 800
1070 800
944 800
2461 800
2541 800
2318 800
2438 800
1830 800
1862 800
2310 800
2342 800
1826 800
2000 800
2148 800
2270 800
2271 800
2137 800
2029 800
2313 800
2440 800
986 800
416 800
2303 800
2431 800
1773 800
1714 800
2015 800
2108 800
2263 800
2189 800
410 800
658 800
2231 800
1961 800
1988 800
1556 800
1235 800
2352 800
2361 800
2419 800
2412 800
2151 800
2087 800
2298 800
2375 800
1907 800
1950 800
1798 800
1796 800
2008 800
2142 800
1728 800
1752 800
114 800
126 800
2317 800
2399 800
2397 800
2320 800
1870 800
1820 800
1867 800
1835 800
56 800
156 800
1523 800
1175 800
2002 800
2125 800
1813 800
1825 800
2381 800
2299 800
206 800
92 800
2268 800
2166 800
1560 800
1363 800
2465 800
2481 800
1863 800
1851 800
2155 800
2225 800
200 800
13 800
2094 800
2035 800
1411 800
1008 800
1786 800
1749 800
63 800
196 800
1251 800
681 800
1231 800
737 800
464 800
1457 800
1908 800
1909 800
2083 800
2024 800
2371 800
2436 800
130 800
69 800
1894 800
1902 800
1888 800
1946 800
2416 800
2357 800
2473 800
2504 800
1699 800
1767 800
2388 800
2439 800
1706 800
1725 800
2031 800
2088 800
1639 800
1655 800
687 800
924 800
2170 800
2210 800
1331 800
348 800
2131 800
2090 800
1865 800
1809 800
2442 800
2376 800
2339 800
2427 800
87 800
141 800
2393 800
2351 800
1824 800
1869 800
365 800
680 800
2306 800
2316 800
1834 800
1838 800
1608 800
1629 800
1886 800
1892 800
1905 800
1955 800
1991 800
1984 800
178 800
12 800
2476 800
2468 800
2536 800
2503 800
1852 800
1846 800
1866 800
1821 800
2238 800
2173 800
1819 800
1849 800
2340 800
2315 800
2421 800
2330 800
1850 800
1790 800
2160 800
2192 800
2403 800
2392 800
477 800
754 800
2395 800
2413 800
1514 800
1082 800
1795 800
2333 800
2378 800
2123 800
2111 800
36 800
230 800
151 800
50 800
2321 800
2337 800
1900 800
1978 800
2113 800
2078 800
992 800
243 800
1382 800
482 800
2178 800
2158 800
2068 800
1920 800
1943 800
1923 800
1981 800
1965 800
1982 800
1662 800
1638 800
1743 800
1785 800
1857 800
1854 800
1919 800
1952 800
197 800
186 800
1678 800
1622 800
1708 800
1696 800
131 800
219 800
174 800
223 800
41 800
62 800
72 800
2364 800
2367 800
1268 800
663 800
1922 800
1910 800
297 799
1044 799
611 799
843 799
61 799
1713 798
1710 798
66 797
2460 796
1225 794
1578 794
2373 793
1421 792
1033 792
1046 792
556 791
112 791
1547 789
1300 787
1276 786
1177 786
589 786
875 785
2174 785
695 784
187 784
2163 783
1461 781
158 780
1116 780
1500 780
615 779
918 779
2290 779
1746 779
2201 778
2400 777
551 775
879 775
941 774
2146 773
1459 773
662 770
674 770
915 768
712 768
391 766
1086 766
1702 766
1359 765
1458 765
1467 764
935 761
721 760
2343 758
406 758
1289 757
1573 755
2369 755
1769 755
1120 752
1132 750
1737 750
1052 749
1185 749
2248 748
1712 748
564 746
2245 746
572 745
2264 743
1254 741
887 739
908 736
998 735
2153 734
1315 731
2368 730
1025 730
706 729
550 728
893 727
321 726
1253 726
1631 724
685 722
660 721
376 720
14 719
1226 718
555 718
152 718
2425 717
512 717
298 716
1031 715
753 715
84 715
2220 714
1053 714
349 714
2212 714
2224 713
738 712
2221 710
2544 709
731 709
1491 708
766 708
2219 707
2176 706
1145 705
978 704
1353 704
330 703
1011 702
2188 701
1837 701
1390 700
1598 700
1234 699
1744 699
2319 698
430 698
664 698
1772 696
2534 695
2269 694
1269 694
524 694
1416 694
1244 693
2132 693
1575 690
503 690
560 690
2213 690
1497 690
2254 689
2273 688
1446 687
1829 687
1537 686
784 686
1287 685
1375 684
1486 684
1577 684
2347 684
2486 680
49 679
518 678
827 677
168 677
1302 676
2346 676
958 675
1676 674
542 674
847 674
2477 674
2401 674
68 673
70 673
450 673
1337 672
1125 672
1583 672
1619 672
2502 671
1412 670
1069 670
1545 670
2233 670
1499 669
939 669
1487 669
1783 669
74 668
447 668
336 668
1482 668
2492 667
832 667
2525 665
517 665
2327 665
2130 664
2458 664
2550 663
1364 662
2185 662
2207 662
1391 662
1512 661
1509 661
2554 661
2040 661
1683 660
543 660
2017 659
1028 659
910 658
1616 658
1206 654
1303 654
2057 652
1503 652
1400 651
1176 650
1266 648
537 648
465 648
2182 647
142 647
1314 646
1134 646
596 646
2549 645
240 645
1270 644
2023 644
342 643
2515 643
1958 643
1788 642
830 641
2508 641
580 641
8 639
2009 639
774 638
961 638
2096 636
2447 635
977 634
678 634
1656 633
1808 633
2121 632
2329 632
427 630
1403 630
920 629
2497 629
1645 629
199 629
1890 629
1409 627
2086 627
1579 626
2538 626
1660 626
2472 625
619 624
2109 624
666 623
1914 623
1844 623
1361 622
1979 622
1006 621
2256 621
2295 620
2175 620
2426 620
324 619
2527 619
2010 619
1316 618
783 618
2409 618
838 618
2450 617
2136 616
271 616
2226 615
444 614
565 611
75 611
1933 611
1170 610
804 609
1626 609
2546 609
880 608
1893 608
670 608
799 608
164 608
1748 608
1321 607
676 607
1719 607
189 607
510 606
2072 606
1539 605
1944 605
39 605
1868 604
1733 604
144 603
1887 603
2249 602
1931 602
2235 602
1691 602
1897 602
37 601
1884 601
2110 601
2387 600
2293 600
1555 599
1596 599
2543 599
53 599
1985 599
2138 599
2202 598
1879 598
2283 598
1603 598
1957 598
995 597
140 597
1929 597
2386 596
1864 596
1698 596
1903 595
153 595
701 594
2144 594
45 594
1739 593
184 593
1954 592
2466 592
191 592
1758 592
1686 591
2542 591
504 590
1679 590
481 590
715 589
1968 589
1103 588
317 586
1490 585
122 585
2257 585
332 584
171 583
343 582
282 582
648 582
1220 582
2107 582
2349 582
608 582
368 581
1377 580
626 580
2384 580
2200 580
2341 580
2282 579
1165 578
426 578
861 578
1974 578
308 577
1972 577
1860 577
779 575
592 574
1218 572
1595 571
1924 571
1610 570
568 570
175 570
1239 568
1092 568
2028 568
2328 568
2018 567
1810 567
1342 565
2075 564
2070 564
724 563
631 562
2069 562
2065 561
420 561
242 561
883 561
1027 560
2149 560
370 560
726 559
306 557
1291 557
1928 557
1488 556
457 556
2052 555
1310 554
1779 554
1614 552
2122 552
1264 551
283 551
1926 551
485 550
1273 550
997 549
691 549
2056 548
1485 547
1127 545
1389 545
750 544
1278 544
540 544
1009 544
1673 544
2418 544
212 542
1618 542
1912 541
699 540
1332 539
856 539
1367 539
257 539
2390 539
1329 539
250 538
434 537
119 537
2415 537
575 536
2104 536
1318 536
412 536
294 536
1762 536
1344 535
1697 535
587 534
2423 534
2411 534
188 534
1675 534
1180 533
534 532
1178 532
54 532
1934 532
1670 531
428 531
1121 531
94 531
2030 531
1751 530
1012 529
254 529
2408 529
1707 529
759 528
1617 528
334 527
2038 527
2432 527
1904 527
2322 527
1224 526
2095 525
1283 525
1071 524
423 524
484 524
1194 524
1644 524
106 523
536 522
1122 520
339 519
1104 518
1891 518
215 518
1407 517
204 516
1557 516
1839 516
1789 516
89 514
1460 514
289 514
211 513
303 512
828 512
926 511
888 511
350 509
2380 507
442 505
1360 504
1139 504
2353 504
1208 502
1454 502
825 500
854 498
1319 496
2365 496
1097 495
720 494
1470 493
2443 492
2345 491
52 490
222 488
116 485
2291 485
2445 485
329 482
1184 482
963 481
358 479
1517 479
996 479
970 479
1855 479
645 478
2197 478
1822 477
2383 476
793 475
401 475
1117 475
1969 475
1791 475
1806 475
1504 474
373 474
1085 473
1164 471
201 471
2184 471
747 471
2284 470
2398 470
530 469
1076 469
2308 469
623 467
668 467
2482 466
59 464
1840 464
2385 464
1511 463
794 463
138 461
502 461
1241 461
2428 460
2422 459
1807 458
835 456
2548 456
2323 456
1847 456
2016 455
133 454
1428 454
1962 454
2255 453
1833 453
392 451
1856 451
1836 449
1802 448
812 448
1129 447
1495 447
377 446
820 445
1794 443
2203 442
2359 442
1277 441
1701 441
2296 440
1540 439
1395 439
1524 439
2372 439
601 438
1091 438
2274 438
1925 438
775 437
1782 437
717 437
1401 436
1916 436
307 435
1188 435
729 434
1858 434
1996 433
1298 433
2217 433
448 433
274 432
1975 432
1299 431
304 431
1800 431
921 430
2082 430
741 430
1434 430
1516 429
1871 429
1256 428
277 428
71 428
1842 428
1288 427
309 427
1549 427
1803 427
1574 426
672 426
1853 426
1163 426
1776 425
98 424
117 423
529 422
2391 421
2204 421
684 421
1425 421
960 420
1959 420
2524 420
1193 419
1804 419
1519 419
2354 419
1472 418
2348 418
837 417
459 417
1756 417
2260 416
207 416
1874 416
1987 416
2437 415
2237 415
751 415
1939 415
1953 415
2520 415
1247 414
508 414
1369 414
2241 414
1529 413
18 413
1721 413
1166 412
1753 412
221 412
1210 411
1030 410
1805 410
1600 408
1312 407
1530 407
748 407
268 407
1812 407
227 406
479 406
2451 406
1705 406
1341 405
1323 405
1339 405
2236 405
239 404
1831 403
292 402
181 402
1921 402
2484 401
1399 400
936 400
1801 400
646 399
972 399
1221 399
628 399
521 399
2246 398
1550 397
1475 397
2463 397
23 396
2259 395
301 394
1799 394
1793 393
1417 392
493 392
1741 392
2453 392
2350 391
1261 391
393 391
2183 390
2164 390
136 390
128 389
1937 389
299 388
2491 388
1469 387
2251 386
2377 385
938 385
1935 385
2410 385
90 384
233 384
1336 384
1074 384
2244 383
1843 383
2370 382
591 382
528 382
2292 382
2362 381
1764 381
34 380
1355 379
2336 377
1704 377
2126 373
2242 373
1700 373
1599 372
472 372
770 372
791 372
790 372
2552 372
929 372
2262 371
1711 371
1694 371
1594 371
1745 371
990 370
2234 368
627 368
2540 366
2127 366
2356 366
86 364
566 362
1098 361
2222 360
1901 360
1983 359
2243 359
2539 359
2227 359
1510 358
1565 358
2288 357
1144 357
2280 356
2216 356
73 356
2537 356
1687 355
1437 354
1792 354
2041 354
2020 354
1592 353
1651 352
2156 351
1609 351
1681 351
2505 349
1650 348
2519 348
2105 348
2209 346
2208 346
2253 346
878 346
2097 346
2276 345
2180 345
778 345
1899 344
2179 343
1124 343
1636 343
1997 343
1695 342
1637 342
2456 342
1615 342
2533 341
1658 341
2187 341
1607 340
2547 340
2441 340
1385 339
2071 339
885 338
1666 337
1275 337
1643 337
2272 337
1722 336
2228 335
328 335
2528 333
2483 332
876 332
673 332
2199 332
2521 331
2485 331
1766 331
155 329
1173 329
2004 328
2214 328
1263 328
2510 327
1685 326
2181 326
1306 326
2169 326
1602 325
1179 323
1646 323
2338 323
2331 323
1940 322
2165 322
2143 321
2474 321
2363 320
2531 319
1667 319
79 319
2050 318
755 318
1992 318
1305 318
1641 318
2140 318
1647 317
1628 317
315 316
1222 316
2206 315
2084 315
1568 315
760 314
1473 314
598 314
1438 313
1999 313
1476 313
2147 313
1740 313
2025 313
2067 312
1657 311
1653 311
1160 311
1689 310
1620 310
1279 310
458 310
1674 310
1207 310
549 310
2063 309
2034 309
91 309
285 308
441 308
1182 307
1606 307
1384 307
2514 307
123 307
2512 307
1735 307
965 306
1648 306
1004 306
541 306
968 305
1494 304
1197 304
2092 304
923 303
2045 303
24 302
2091 302
1612 302
414 302
1665 301
1301 301
1895 301
2019 300
1563 300
735 300
262 300
679 300
2060 299
492 298
745 298
1505 298
2077 298
577 297
1130 296
722 296
1423 296
865 295
1038 295
1623 295
154 295
1632 294
723 294
1018 294
559 294
2523 293
2027 293
338 293
2085 293
597 292
733 292
2007 292
544 292
1405 291
2089 290
1420 290
305 289
2001 289
819 289
1585 289
1994 288
850 288
973 288
999 288
917 288
2100 288
381 287
1692 287
439 287
340 287
161 286
2115 285
600 285
1024 285
1215 285
1152 285
2064 284
590 284
1964 284
2471 283
445 283
702 283
264 283
1430 283
335 282
841 282
1137 282
383 282
1635 281
1998 281
35 281
860 281
1661 280
322 280
610 280
38 280
700 279
2117 279
1061 279
2135 279
1932 279
962 278
806 278
1680 278
1250 278
167 278
135 278
822 277
1029 277
1576 277
509 277
346 276
796 276
1039 276
449 276
898 276
891 275
742 275
396 275
834 275
1543 275
1611 275
353 274
2120 273
1187 273
858 272
1584 272
1781 271
967 271
927 271
224 270
991 270
1346 270
323 269
821 269
1521 267
1232 267
357 267
2066 267
1109 266
801 266
635 265
1114 265
694 265
1107 265
270 264
494 264
604 264
1586 263
855 263
1483 263
1362 262
1452 261
488 261
1126 261
1478 260
44 258
397 258
889 258
919 255
176 254
683 252
411 252
642 251
839 251
2106 251
1093 250
351 249
1880 249
1759 249
1010 247
1338 246
193 245
108 245
2079 244
1060 242
100 241
638 240
569 238
771 238
120 237
1167 236
859 228
1973 228
916 223
198 217
491 209
599 208
288 207
42 206
639 204
1878 202
245 201
2036 199
513 198
1936 196
2128 195
942 194
1896 193
1967 192
1429 192
1432 191
385 189
740 186
146 186
2133 185
698 184
179 184
435 183
2116 183
1080 183
523 182
705 181
1947 180
369 180
1717 180
1335 179
325 179
546 178
864 178
359 178
1528 178
762 177
296 176
1442 176
1105 175
1286 175
1293 175
833 175
689 174
713 174
1995 173
476 172
437 172
1151 172
554 171
953 171
667 171
1281 171
516 171
692 171
291 170
471 170
290 170
4 169
1414 169
1090 169
954 169
1734 169
461 168
10 168
1986 167
247 167
102 167
1154 167
1948 166
1049 166
1396 166
210 165
469 165
361 165
113 165
1426 164
1161 164
209 164
688 163
1280 163
657 163
881 163
1718 163
467 163
758 162
269 162
894 162
846 161
1326 161
1439 161
578 160
1168 160
634 160
1520 160
313 159
266 159
1561 159
1448 159
1007 159
661 159
1051 159
1562 159
1174 159
1386 158
398 158
1295 158
166 158
1146 158
1333 158
312 158
276 158
1589 157
810 157
326 157
1265 157
1477 156
1368 155
829 155
653 155
389 155
1311 155
440 155
421 155
451 154
281 154
1072 154
877 154
573 154
1262 154
260 154
258 153
739 153
1158 153
1213 153
487 153
1242 153
2033 153
1050 153
27 153
1101 153
1424 152
912 152
454 152
19 152
1172 152
781 152
256 152
40 152
1515 152
1123 151
278 151
585 151
686 151
1230 151
1328 151
228 150
432 150
925 150
26 150
1774 150
21 149
1065 149
413 149
836 149
327 149
959 149
6 149
897 148
1558 148
869 148
354 148
147 148
2 148
1324 147
1133 147
182 147
202 147
902 147
1388 147
1354 147
823 146
1203 146
280 146
871 146
1112 146
1394 146
273 146
848 146
606 146
367 146
552 145
570 145
172 145
422 145
417 145
930 145
1593 145
882 145
1357 145
955 145
1408 145
840 144
1259 144
47 144
1387 144
386 144
1484 144
868 144
77 144
1245 144
1037 144
360 143
1066 143
980 143
1190 143
180 143
1501 142
1040 142
267 142
11 142
617 142
1597 142
390 141
7 141
895 141
612 141
1507 141
478 140
851 140
951 140
300 140
217 140
641 140
1552 140
1471 140
1348 140
1474 140
275 139
405 139
1041 139
651 139
366 139
1373 139
561 138
17 138
675 138
378 138
143 138
637 138
1456 138
474 138
1142 137
150 137
1102 137
520 137
1106 137
797 137
190 137
1238 137
1002 137
501 137
58 137
76 137
384 137
710 137
765 136
110 136
1546 135
1021 135
826 135
1447 135
183 134
1267 134
624 134
957 134
48 133
127 133
33 133
1410 132
1155 132
1492 132
772 131
620 131
400 131
1559 131
51 130
355 130
475 130
1233 130
682 129
844 129
805 129
1564 129
226 129
625 128
109 128
983 128
677 127
525 127
1285 126
1083 126
969 126
22 125
1397 125
1535 125
356 125
284 125
903 125
1087 124
792 123
974 123
813 123
214 121
446 120
500 120
1192 119
1927 119
170 118
1019 117
583 117
907 116
1402 113
849 107
1548 106
466 101
